fountain_a
38.799999
0.0
8.599999
0.0
0.0
0.0
0.01
0.01
0.01
castle_tower_round
91.299995
0.0
49.5
0.0
0.0
0.0
0.01
0.01
0.01
castle_tower_round
-7.2
0.0
49.5
0.0
0.0
0.0
0.01
0.01
0.01
wall_H10m_L50m
0.0
-0.3
24.5
0.0
0.0
0.0
0.01
0.0125
0.01
wall_H10m_L50m
25.0
-0.3
49.5
0.0
89.999992
0.0
0.01
0.0125
0.01
wall_H10m_L50m
25.0
-0.3
0.0
0.0
89.999992
0.0
0.01
0.0125
0.01
castle_tower_round
-7.2
0.0
-0.7
0.0
0.0
0.0
0.01
0.01
0.01
overhang_building_a
93.0
12.5
44.0
0.0
110.00013
0.0
0.01
0.01
0.01
overhang_building_a
5.8
12.5
44.099998
0.0
-159.999863
0.0
0.01
0.01
0.01
overhang_building_a
5.5
12.5
5.1
0.0
-69.999931
0.0
0.01
0.01
0.01
civilian_house_37_e
17.299999
0.0
26.4
0.0
0.0
0.0
0.01
0.01
0.01
civilian_house_37_h
17.1
0.0
33.599998
0.0
0.0
0.0
0.01
0.01
0.01
street_gate
28.5
0.0
8.2
0.0
0.0
0.0
0.005
0.005
0.005
wall_H10m_L15m
32.599998
0.0
17.6
0.0
-90.000114
0.0
0.005
0.0053
0.005
tower_gates
49.5
0.0
14.809999
0.0
0.0
0.0
0.01
0.01
0.01
wall_H10m_L15m
40.100002
0.0
17.6
0.0
-90.000114
0.0
0.005
0.0053
0.005
castle_tower_octagon
28.599998
0.0
17.4
0.0
-44.999996
0.0
0.005
0.005
0.005
castle_door_1
47.599998
2.000006
22.299999
0.0
90.000114
0.0
0.025
0.0175
0.01
street_gate
50.099998
0.0
36.899998
0.0
0.0
0.0
0.0125
0.008
0.008
civilian_house_18_a
16.9
0.0
7.1
0.0
0.0
0.0
0.01
0.01
0.01
civilian_house_46
16.443792
0.0
14.761354
0.0
0.0
0.0
0.01
0.01
0.01
civilian_house_ruin_e
36.5
0.0
33.200001
0.0
0.0
0.0
0.01
0.01
0.01
castle_tower_round
99.100029
0.0
-7.599991
0.0
90.000114
0.0
0.01
0.01
0.01
overhang_building_a
93.299995
12.5
5.1
0.0
20.000221
0.0
0.01
0.01
0.01
wall_H10m_L50m
73.5
-0.3
49.5
0.0
89.999992
0.0
0.01
0.0125
0.01
wall_H10m_L50m
71.199997
-0.3
0.0
0.0
89.999992
0.0
0.01
0.0125
0.01
wall_H10m_L50m
99.799995
-0.3
24.5
0.0
0.0
0.0
0.01
0.0125
0.01
roof_building_11
56.399998
0.0
45.299999
0.0
0.0
0.0
0.01
0.01
0.01
box
55.399998
0.0
33.0
0.0
0.0
0.0
0.03
0.03
0.03
barrel_group
61.199997
0.0
37.799999
0.0
0.0
0.0
0.015
0.015
0.015
castle_door_1
51.599998
2.000006
22.299999
0.0
-90.000114
0.0
0.025
0.0175
0.01
citadel_base_a
82.900002
0.0
17.5
0.0
0.0
0.0
0.005
0.01
0.005
city_tower_a
83.199997
0.0
17.6
0.0
0.0
0.0
0.01
0.01
0.01
civilian_house_18_a
64.299995
0.0
17.799999
0.0
-179.999985
0.0
0.01
0.01
0.01
civilian_house_18_b
64.299995
0.0
28.0
0.0
-179.999985
0.0
0.01
0.01
0.01
roof_building_5
65.199997
0.0
40.0
0.0
0.0
0.0
0.01
0.01
0.01
roof_building_4
65.199997
3.0
40.0
0.0
0.0
0.0
0.0075
0.0075
0.0075
roof_building_11
37.399998
0.0
40.299999
0.0
-179.999756
0.0
0.01
0.01
0.01
wagon
57.699997
0.421948
32.700001
0.0
0.0
-30.0
0.005
0.005
0.005
civilian_house_18_b
78.299995
0.0
30.699999
0.0
-90.000114
0.0
0.01
0.01
0.01
roof_building_12
87.299995
0.0
30.799999
0.0
0.0
0.0
0.01
0.01
0.01
civilian_house_36_c
75.799995
0.0
33.399998
0.0
-90.000114
0.0
0.01
0.0075
0.015
civilian_house_36_c
75.799995
0.0
46.799999
0.0
-90.000114
0.0
0.01
0.0075
0.015
