castle_tower_round
49.5
0.0
91.299995
0.0
0.0
0.0
0.01
0.01
0.01
castle_tower_round
49.5
0.0
-7.2
0.0
0.0
0.0
0.01
0.01
0.01
wall_H10m_L50m
24.5
-0.3
0.0
0.0
0.0
0.0
0.01
0.0125
0.01
wall_H10m_L50m
49.5
-0.3
25.0
0.0
89.999992
0.0
0.01
0.0125
0.01
wall_H10m_L50m
0.0
-0.3
25.0
0.0
89.999992
0.0
0.01
0.0125
0.01
castle_tower_round
-0.7
0.0
-7.2
0.0
0.0
0.0
0.01
0.01
0.01
overhang_building_a
44.0
12.5
93.0
0.0
110.00013
0.0
0.01
0.01
0.01
overhang_building_a
44.099998
12.5
5.8
0.0
-159.999863
0.0
0.01
0.01
0.01
overhang_building_a
5.1
12.5
5.5
0.0
-69.999931
0.0
0.01
0.01
0.01
civilian_house_37_e
26.4
0.0
17.299999
0.0
0.0
0.0
0.01
0.01
0.01
civilian_house_37_h
33.599998
0.0
17.1
0.0
0.0
0.0
0.01
0.01
0.01
street_gate
8.2
0.0
28.5
0.0
0.0
0.0
0.005
0.005
0.005
wall_H10m_L15m
17.6
0.0
32.599998
0.0
-90.000114
0.0
0.005
0.0053
0.005
tower_gates
14.809999
0.0
49.5
0.0
0.0
0.0
0.01
0.01
0.01
wall_H10m_L15m
17.6
0.0
40.100002
0.0
-90.000114
0.0
0.005
0.0053
0.005
castle_tower_octagon
17.4
0.0
28.599998
0.0
-44.999996
0.0
0.005
0.005
0.005
castle_door_1
22.299999
2.000006
47.599998
0.0
90.000114
0.0
0.01
0.0175
0.025
street_gate
36.899998
0.0
50.099998
0.0
0.0
0.0
0.008
0.008
0.0125
civilian_house_18_a
7.1
0.0
16.9
0.0
0.0
0.0
0.01
0.01
0.01
civilian_house_46
14.761354
0.0
16.443792
0.0
0.0
0.0
0.01
0.01
0.01
civilian_house_ruin_e
33.200001
0.0
36.5
0.0
0.0
0.0
0.01
0.01
0.01
castle_tower_round
-7.599991
0.0
99.100029
0.0
90.000114
0.0
0.01
0.01
0.01
overhang_building_a
5.1
12.5
93.299995
0.0
20.000221
0.0
0.01
0.01
0.01
wall_H10m_L50m
49.5
-0.3
73.5
0.0
89.999992
0.0
0.01
0.0125
0.01
wall_H10m_L50m
0.0
-0.3
71.199997
0.0
89.999992
0.0
0.01
0.0125
0.01
wall_H10m_L50m
24.5
-0.3
99.799995
0.0
0.0
0.0
0.01
0.0125
0.01
roof_building_11
45.299999
0.0
56.399998
0.0
0.0
0.0
0.01
0.01
0.01
box
33.0
0.0
55.399998
0.0
0.0
0.0
0.03
0.03
0.03
barrel_group
37.799999
0.0
61.199997
0.0
0.0
0.0
0.015
0.015
0.015
castle_door_1
22.299999
2.000006
51.599998
0.0
-90.000114
0.0
0.01
0.0175
0.025
citadel_base_a
17.5
0.0
82.900002
0.0
0.0
0.0
0.005
0.01
0.005
city_tower_a
17.6
0.0
83.199997
0.0
0.0
0.0
0.01
0.01
0.01
civilian_house_18_a
17.799999
0.0
64.299995
0.0
-179.999985
0.0
0.01
0.01
0.01
civilian_house_18_b
28.0
0.0
64.299995
0.0
-179.999985
0.0
0.01
0.01
0.01
roof_building_5
40.0
0.0
65.199997
0.0
0.0
0.0
0.01
0.01
0.01
roof_building_4
40.0
3.0
65.199997
0.0
0.0
0.0
0.0075
0.0075
0.0075
roof_building_11
40.299999
0.0
37.399998
0.0
-179.999756
0.0
0.01
0.01
0.01
wagon
32.700001
0.421948
57.699997
-30.0
0.0
0.0
0.005
0.005
0.005
civilian_house_18_b
30.699999
0.0
78.299995
0.0
-90.000114
0.0
0.01
0.01
0.01
roof_building_12
30.799999
0.0
87.299995
0.0
0.0
0.0
0.01
0.01
0.01
civilian_house_36_c
33.399998
0.0
75.799995
0.0
-90.000114
0.0
0.015
0.0075
0.01
civilian_house_36_c
46.799999
0.0
75.799995
0.0
-90.000114
0.0
0.015
0.0075
0.01
fountain_a
8.599999
0.0
38.799999
0.0
0.0
0.0
0.01
0.01
0.01
